0.000000000000000000e+00
2.040266019820167424e-03
4.243753321225948033e-03
6.623519606744191802e-03
9.193667195103895698e-03
1.196942659053237476e-02
1.496724673759513256e-02
1.820489249642291349e-02
2.170154991595691155e-02
2.547793992905363417e-02
2.955644114319809848e-02
3.396122245447411730e-02
3.871838627065221639e-02
4.385612319212456311e-02
4.940487906731470119e-02
5.539753541252005059e-02
6.186960426534182655e-02
6.885943862638935209e-02
7.640845973632066912e-02
8.456140253504650095e-02
9.336658075767040321e-02
1.028761732381042043e-01
1.131465331169727029e-01
1.242385217861506908e-01
1.362178695488629465e-01
1.491555651325921494e-01
1.631282763630197141e-01
1.782188044918814607e-01
1.945165748710521725e-01
2.121181668805565135e-01
2.311278862508212295e-01
2.516583831707071561e-01
2.738313198441839069e-01
2.977780914515387733e-01
3.236406047874820779e-01
3.515721191903007914e-01
3.817381547453450041e-01
4.143174731447928361e-01
4.495031370161964857e-01
4.875036539973123806e-01
5.285442123369176182e-01
5.728680153436911393e-01
6.207377225910066798e-01
6.724370064181074413e-01
7.282722329513763304e-01
7.885742776073066951e-01
8.537004858357114534e-01
9.240367907223886457e-01
1.000000000000000000e+00
1.075963209277611465e+00
1.146299514164288436e+00
1.211425722392693416e+00
1.271727767048623559e+00
1.327562993581892670e+00
1.379262277408993320e+00
1.427131984656308861e+00
1.471455787663082493e+00
1.512496346002687675e+00
1.550496862983803403e+00
1.585682526855207275e+00
1.618261845254655107e+00
1.648427880809699264e+00
1.676359395212517978e+00
1.702221908548461116e+00
1.726168680155816038e+00
1.748341616829292899e+00
1.768872113749178743e+00
1.787881833119443487e+00
1.805483425128947772e+00
1.821781195508118456e+00
1.836871723636980258e+00
1.850844434867407795e+00
1.863782130451137053e+00
1.875761478213849198e+00
1.886853466883027242e+00
1.897123826761895726e+00
1.906633419242329541e+00
1.915438597464953485e+00
1.923591540263679400e+00
1.931140561373610565e+00
1.938130395734658062e+00
1.944602464587479984e+00
1.950595120932685278e+00
1.956143876807875381e+00
1.961281613729347839e+00
1.966038777545525917e+00
1.970443558856801891e+00
1.974522060070946328e+00
1.978298450084043036e+00
1.981795107503577125e+00
1.985032753262404803e+00
1.988030573409467650e+00
1.990806332804896162e+00
1.993376480393255878e+00
1.995756246678774160e+00
1.997959733980179786e+00
2.000000000000000000e+00
0.000000000000000000e+00
2.040266019820167424e-03
4.243753321225948033e-03
6.623519606744191802e-03
9.193667195103895698e-03
1.196942659053237476e-02
1.496724673759513256e-02
1.820489249642291349e-02
2.170154991595691155e-02
2.547793992905363417e-02
2.955644114319809848e-02
3.396122245447411730e-02
3.871838627065221639e-02
4.385612319212456311e-02
4.940487906731470119e-02
5.539753541252005059e-02
6.186960426534182655e-02
6.885943862638935209e-02
7.640845973632066912e-02
8.456140253504650095e-02
9.336658075767040321e-02
1.028761732381042043e-01
1.131465331169727029e-01
1.242385217861506908e-01
1.362178695488629465e-01
1.491555651325921494e-01
1.631282763630197141e-01
1.782188044918814607e-01
1.945165748710521725e-01
2.121181668805565135e-01
2.311278862508212295e-01
2.516583831707071561e-01
2.738313198441839069e-01
2.977780914515387733e-01
3.236406047874820779e-01
3.515721191903007914e-01
3.817381547453450041e-01
4.143174731447928361e-01
4.495031370161964857e-01
4.875036539973123806e-01
5.285442123369176182e-01
5.728680153436911393e-01
6.207377225910066798e-01
6.724370064181074413e-01
7.282722329513763304e-01
7.885742776073066951e-01
8.537004858357114534e-01
9.240367907223886457e-01
1.000000000000000000e+00
1.075963209277611465e+00
1.146299514164288436e+00
1.211425722392693416e+00
1.271727767048623559e+00
1.327562993581892670e+00
1.379262277408993320e+00
1.427131984656308861e+00
1.471455787663082493e+00
1.512496346002687675e+00
1.550496862983803403e+00
1.585682526855207275e+00
1.618261845254655107e+00
1.648427880809699264e+00
1.676359395212517978e+00
1.702221908548461116e+00
1.726168680155816038e+00
1.748341616829292899e+00
1.768872113749178743e+00
1.787881833119443487e+00
1.805483425128947772e+00
1.821781195508118456e+00
1.836871723636980258e+00
1.850844434867407795e+00
1.863782130451137053e+00
1.875761478213849198e+00
1.886853466883027242e+00
1.897123826761895726e+00
1.906633419242329541e+00
1.915438597464953485e+00
1.923591540263679400e+00
1.931140561373610565e+00
1.938130395734658062e+00
1.944602464587479984e+00
1.950595120932685278e+00
1.956143876807875381e+00
1.961281613729347839e+00
1.966038777545525917e+00
1.970443558856801891e+00
1.974522060070946328e+00
1.978298450084043036e+00
1.981795107503577125e+00
1.985032753262404803e+00
1.988030573409467650e+00
1.990806332804896162e+00
1.993376480393255878e+00
1.995756246678774160e+00
1.997959733980179786e+00
2.000000000000000000e+00
9.600000000000000000e+01
