1.020133009910083712e-03 5.610356991529833470e-01 2.224889979221961731e-04 2.397464117674190209e+00 -1.019809574716358806e-06
3.142009670523057512e-03 1.725515124189929139e+00 6.392179130124391734e-03 1.214815495484772789e+01 -1.658117577051596849e-04
5.433636463985069484e-03 2.978180286974019264e+00 4.650536958307099900e-02 2.946011578995956270e+01 -3.583508699744104679e-03
7.908593400924044184e-03 4.309134910326966938e+00 1.779631434670372048e-01 5.377720920669040083e+01 -2.771492951213208947e-02
1.058154689281813610e-02 5.663837720972766832e+00 4.590656626224146608e-01 8.356607231585283557e+01 -1.079629111530055474e-01
1.346833666406375453e-02 6.939928044849936306e+00 8.700927921910026619e-01 1.095722503262935277e+02 -2.499804102638808478e-01
1.658606961700902216e-02 8.058461301106031982e+00 1.304809271841949947e+00 1.218881156523760438e+02 -4.046411718576269356e-01
1.995322120618991252e-02 9.008151799038774499e+00 1.679664689576124470e+00 1.208856512013782520e+02 -5.316745884526258292e-01
2.358974492250527286e-02 9.815053527480213091e+00 1.973263764155984257e+00 1.123295144921753774e+02 -6.250044420796267985e-01
2.751719053612586632e-02 1.051046522932821325e+01 2.195101575253593396e+00 1.009471187130316423e+02 -6.918535693080267723e-01
3.175883179883610963e-02 1.112020476897413701e+01 2.361095117847638480e+00 8.928414941630082069e+01 -7.399310591197409970e-01
3.633980436256316338e-02 1.166363898380337361e+01 2.485201942349769322e+00 7.844143202440021412e+01 -7.748494950619283506e-01
4.128725473138838975e-02 1.215500858351102664e+01 2.577959102345444897e+00 6.878454510247269127e+01 -8.003791821618195801e-01
4.663050112971962868e-02 1.260483979680662969e+01 2.646955124481567889e+00 6.034924749031409874e+01 -8.190282798290789978e-01
5.240120723991737589e-02 1.302102185876798224e+01 2.697591386528795265e+00 5.303995613028340728e+01 -8.324842256870815804e-01
5.863356983893093510e-02 1.340956488283547898e+01 2.733720688688761058e+00 4.672005630186547620e+01 -8.419015037193195994e-01
6.536452144586558932e-02 1.377512274916572643e+01 2.758111018958946836e+00 4.125050402442815312e+01 -8.480831085667384084e-01
7.263394918135501754e-02 1.412135481596003572e+01 2.772767004570921845e+00 3.650471863337796208e+01 -8.515952123403930374e-01
8.048493113568358504e-02 1.445117892168151918e+01 2.779149889728834921e+00 3.237296307993737088e+01 -8.528406642886275923e-01
8.896399164635845902e-02 1.476695086594469686e+01 2.778328308637425081e+00 2.876229625141933610e+01 -8.521069714315651078e-01
9.812137699788731071e-02 1.507059362300664596e+01 2.771082465848285992e+00 2.559485513615091890e+01 -8.495982167002877894e-01
1.080113531775384605e-01 1.536369168839549637e+01 2.757976922343117643e+00 2.280568435370515701e+01 -8.454566750973644407e-01
1.186925274515616968e-01 1.564756085261941898e+01 2.739412077782046318e+00 2.034062207872211303e+01 -8.397776903973306339e-01
1.302281956675068186e-01 1.592330036517768832e+01 2.715661056342026924e+00 1.815442954859891600e+01 -8.326200550554134772e-01
1.426867173407275480e-01 1.619183225744584220e+01 2.686896493216236692e+00 1.620920923646660228e+01 -8.240133312696951151e-01
1.561419207478059179e-01 1.645393112660839563e+01 2.653210278523488341e+00 1.447309787017680627e+01 -8.139630518873713916e-01
1.706735404274505874e-01 1.671024668650129996e+01 2.614628376323641756e+00 1.291919956545473447e+01 -8.024544244693504469e-01
1.863676896814668305e-01 1.696132070087381649e+01 2.571122225797058736e+00 1.152472020300427147e+01 -7.894549590606952938e-01
2.033173708758043430e-01 1.720759942441057078e+01 2.522617840533043942e+00 1.027026691825409976e+01 -7.749163075441065640e-01
2.216230265656888854e-01 1.744944231739232166e+01 2.469003483253203957e+00 9.139281652691298774e+00 -7.587755142266334740e-01
2.413931347107641789e-01 1.768712752398620225e+01 2.410136667986599868e+00 8.117583140872655534e+00 -7.409558176535595564e-01
2.627448515074455315e-01 1.792085437817021187e+01 2.345851210122991137e+00 7.192996672939695024e+00 -7.213671026411623277e-01
2.858047056478613124e-01 1.815074299897470311e+01 2.275965102759836878e+00 6.355055220907289915e+00 -6.999060728267773035e-01
3.107093481195104534e-01 1.837683083462169620e+01 2.200290155612283360e+00 5.594759026933827428e+00 -6.764561934544663924e-01
3.376063619888914347e-01 1.859906578832859481e+01 2.118644617103886851e+00 4.904383590426168560e+00 -6.508874387621521596e-01
3.666551369678229255e-01 1.881729527543928882e+01 2.030870459283698359e+00 4.277328243070174452e+00 -6.230558660669148763e-01
3.980278139450689201e-01 1.903125017646655337e+01 1.936857718418157237e+00 3.707999234066480021e+00 -5.928030275692093287e-01
4.319103050804946609e-01 1.924052209128986490e+01 1.836579378784207739e+00 3.191722493820944528e+00 -5.599552191909857868e-01
4.685033955067544054e-01 1.944453144580408122e+01 1.730141965053989539e+00 2.724681990980269308e+00 -5.243225519426079062e-01
5.080239331671150271e-01 1.964248264732656324e+01 1.617859586155021123e+00 2.303879796981478378e+00 -4.856978164830085820e-01
5.507061138403044342e-01 1.983330027289984443e+01 1.500363133280755656e+00 1.927113591805402315e+00 -4.438551099181051729e-01
5.968028689673489096e-01 2.001553660776890098e+01 1.378762350414950211e+00 1.592966537814852979e+00 -3.985482715752998173e-01
6.465873645045570051e-01 2.018723483162413856e+01 1.254887238945822325e+00 1.300804019948704982e+00 -3.495095794694625391e-01
7.003546196847418859e-01 2.034572290770823955e+01 1.131646209943592218e+00 1.050774288597747352e+00 -2.964506768243803103e-01
7.584232552793415127e-01 2.048730212948313678e+01 1.013544892788306395e+00 8.438223633561745540e-01 -2.390721269009105643e-01
8.211373817215090742e-01 2.060679381771520013e+01 9.073820426268462969e-01 6.817640617552642723e-01 -1.770954986251193908e-01
8.888686382790500495e-01 2.069696550487767794e+01 8.229857930390309662e-01 5.675584637394373022e-01 -1.103194950404427915e-01
9.620183953611942673e-01 2.074807231067425661e+01 7.734107465255509739e-01 5.060988533253847343e-01 -3.786006032304405772e-02
1.037981604638805733e+00 2.074807231067425306e+01 7.734107465255549707e-01 5.060988533253886201e-01 3.786006032305020558e-02
1.111131361720949950e+00 2.069696550487766729e+01 8.229857930390425125e-01 5.675584637394489596e-01 1.103194950404527280e-01
1.178862618278490926e+00 2.060679381771518592e+01 9.073820426268645045e-01 6.817640617552843674e-01 1.770954986251243590e-01
1.241576744720658487e+00 2.048730212948312257e+01 1.013544892788329932e+00 8.438223633562033088e-01 2.390721269009165872e-01
1.299645380315258114e+00 2.034572290770822178e+01 1.131646209943619530e+00 1.050774288597783990e+00 2.964506768243936330e-01
1.353412635495442995e+00 2.018723483162411370e+01 1.254887238945852967e+00 1.300804019948750945e+00 3.495095794694704772e-01
1.403197131032650979e+00 2.001553660776887256e+01 1.378762350414980631e+00 1.592966537814902495e+00 3.985482715753171923e-01
1.449293886159695788e+00 1.983330027289981601e+01 1.500363133280786077e+00 1.927113591805456272e+00 4.438551099181138881e-01
1.491976066832884973e+00 1.964248264732653126e+01 1.617859586155053320e+00 2.303879796981542771e+00 4.856978164830234035e-01
1.531496604493245428e+00 1.944453144580404569e+01 1.730141965054016184e+00 2.724681990980323043e+00 5.243225519426083503e-01
1.568089694919505117e+00 1.924052209128984003e+01 1.836579378784233274e+00 3.191722493821007145e+00 5.599552191910043275e-01
1.601972186054931191e+00 1.903125017646650718e+01 1.936857718418177443e+00 3.707999234066516436e+00 5.928030275691951179e-01
1.633344863032176963e+00 1.881729527543927460e+01 2.030870459283722340e+00 4.277328243070270375e+00 6.230558660669502924e-01
1.662393638011108621e+00 1.859906578832853086e+01 2.118644617103899730e+00 4.904383590426138362e+00 6.508874387621171875e-01
1.689290651880489547e+00 1.837683083462170330e+01 2.200290155612303789e+00 5.594759026934013946e+00 6.764561934545049171e-01
1.714195294352138355e+00 1.815074299897462495e+01 2.275965102759852865e+00 6.355055220907144253e+00 6.999060728267947340e-01
1.737255148492554468e+00 1.792085437817020832e+01 2.345851210123001795e+00 7.192996672940028979e+00 7.213671026411047071e-01
1.758606865289235710e+00 1.768712752398615251e+01 2.410136667986616743e+00 8.117583140872341119e+00 7.409558176536370500e-01
1.778376973434311115e+00 1.744944231739228968e+01 2.469003483253220388e+00 9.139281652691810365e+00 7.587755142265597552e-01
1.796682629124195518e+00 1.720759942441054591e+01 2.522617840533054157e+00 1.027026691825376226e+01 7.749163075441477533e-01
1.813632310318533225e+00 1.696132070087377741e+01 2.571122225797088934e+00 1.152472020300470312e+01 7.894549590606988465e-01
1.829326459572549357e+00 1.671024668650125733e+01 2.614628376323648418e+00 1.291919956545473624e+01 8.024544244693372352e-01
1.843858079252194138e+00 1.645393112660836366e+01 2.653210278523520316e+00 1.447309787017683291e+01 8.139630518873746112e-01
1.857313282659272424e+00 1.619183225744581023e+01 2.686896493216252235e+00 1.620920923646712097e+01 8.240133312697520696e-01
1.869771804332493126e+00 1.592330036517762082e+01 2.715661056342050905e+00 1.815442954859860336e+01 8.326200550553831681e-01
1.881307472548438220e+00 1.564756085261942431e+01 2.739412077782063637e+00 2.034062207872275252e+01 8.397776903973500628e-01
1.891988646822461595e+00 1.536369168839541643e+01 2.757976922343146509e+00 2.280568435370500779e+01 8.454566750973910860e-01
1.901878623002112523e+00 1.507059362300664240e+01 2.771082465848304199e+00 2.559485513615137364e+01 8.495982167002589236e-01
1.911036008353641513e+00 1.476695086594464357e+01 2.778328308637453503e+00 2.876229625141948176e+01 8.521069714315986365e-01
1.919515068864316554e+00 1.445117892168148543e+01 2.779149889728863343e+00 3.237296307993785405e+01 8.528406642886166011e-01
1.927366050818644982e+00 1.412135481595999842e+01 2.772767004570954263e+00 3.650471863337840261e+01 8.515952123404256779e-01
1.934635478554134203e+00 1.377512274916568913e+01 2.758111018958978367e+00 4.125050402442857944e+01 8.480831085667355218e-01
1.941366430161069134e+00 1.340956488283544523e+01 2.733720688688790812e+00 4.672005630186591674e+01 8.419015037193223749e-01
1.947598792760082631e+00 1.302102185876794316e+01 2.697591386528827684e+00 5.303995613028401124e+01 8.324842256870946811e-01
1.953369498870280330e+00 1.260483979680659772e+01 2.646955124481600308e+00 6.034924749031467428e+01 8.190282798290963173e-01
1.958712745268611499e+00 1.215500858351099289e+01 2.577959102345471099e+00 6.878454510247311759e+01 8.003791821618287949e-01
1.963660195637436878e+00 1.166363898380333453e+01 2.485201942349786197e+00 7.844143202440046991e+01 7.748494950619168042e-01
1.968241168201164015e+00 1.112020476897410504e+01 2.361095117847665570e+00 8.928414941630157386e+01 7.399310591197590936e-01
1.972482809463873998e+00 1.051046522932819727e+01 2.195101575253624482e+00 1.009471187130325092e+02 6.918535693080348770e-01
1.976410255077494682e+00 9.815053527480204210e+00 1.973263764156012900e+00 1.123295144921759601e+02 6.250044420796287969e-01
1.980046778793810081e+00 9.008151799038765617e+00 1.679664689576158443e+00 1.208856512013798010e+02 5.316745884526364874e-01
1.983413930382990964e+00 8.058461301106030206e+00 1.304809271841991691e+00 1.218881156523790992e+02 4.046411718576371497e-01
1.986531663335936226e+00 6.939928044849955846e+00 8.700927921910631690e-01 1.095722503263000931e+02 2.499804102639099912e-01
1.989418453107181683e+00 5.663837720972763279e+00 4.590656626224480230e-01 8.356607231585751094e+01 1.079629111530134855e-01
1.992091406599076020e+00 4.309134910326948287e+00 1.779631434670494450e-01 5.377720920669269589e+01 2.771492951213305744e-02
1.994566363536015130e+00 2.978180286973984181e+00 4.650536958307419089e-02 2.946011578996077773e+01 3.583508699744603412e-03
1.996857990329476973e+00 1.725515124189920924e+00 6.392179130125514100e-03 1.214815495484921293e+01 1.658117577052876208e-04
1.998979866990089782e+00 5.610356991529987791e-01 2.224889979219865426e-04 2.397464117671543882e+00 1.019809574716417463e-06
